1270  	0.069804  	 	
1269.900024 	0.020871 		
1269.800049 	0.035138 		
1269.699951 	0.181386 		
1269.599976 	-0.07803 		
1269.5 	0.17512 		
1269.400024 	-0.19442 		
1269.300049 	0.21591 		
1269.199951 	0.054746 		
1269.099976 	0.027964 		
1269 	0.03499 		
1268.900024 	-0.04882 		
1268.800049 	0.13933 		
1268.699951 	0.041597 		
1268.599976 	0.139695 		
1268.5 	-0.04194 		
1268.400024 	0.118912 		
1268.300049 	0.06332 		
1268.199951 	0.139695 		
1268.099976 	0.132464 		
1268 	0.16097 		
1267.900024 	0.292842 		
1267.800049 	0.126591 		
1267.699951 	0.203739 		
1267.599976 	0.0008 		
1267.5 	0.145329 		
1267.400024 	0.034231 		
1267.300049 	0.146939 		
1267.199951 	0.257154 		
1267.099976 	0.272161 		
1267 	0.104712 		
1266.900024 	0.125953 		
1266.800049 	0.202332 		
1266.699951 	0.341648 		
1266.599976 	0.272414 		
1266.5 	0.229978 		
1266.400024 	0.166735 		
1266.300049 	0.167924 		
1266.199951 	0.294233 		
1266.099976 	0.238102 		
1266 	0.189246 		
1265.900024 	0.206988 		
1265.800049 	0.251004 		
1265.699951 	0.182002 		
1265.599976 	0.433251 		
1265.5 	0.41196 		
1265.400024 	0.566547 		
1265.300049 	0.537816 		
1265.199951 	0.433868 		
1265.099976 	0.434837 		
1265 	0.557648 		
1264.900024 	0.474663 		
1264.800049 	0.634072 		
1264.699951 	0.550257 		
1264.599976 	0.725262 		
1264.5 	0.780493 		
1264.400024 	0.868497 		
1264.300049 	0.939218 		
1264.199951 	0.790218 		
1264.099976 	0.879018 		
1264 	1.068368 		
1263.900024 	1.204603 		
1263.800049 	1.178616 		
1263.699951 	1.414868 		
1263.599976 	1.383892 		
1263.5 	1.511636 		
1263.400024 	1.75404 		
1263.300049 	2.033524 		
1263.199951 	1.944586 		
1263.099976 	2.138306 		
1263 	2.411567 		
1262.900024 	2.535248 		
1262.800049 	2.746393 		
1262.699951 	2.999275 		
1262.599976 	3.18741 		
1262.5 	3.552843 		
1262.400024 	3.861424 		
1262.300049 	4.322128 		
1262.199951 	4.812212 		
1262.099976 	5.266362 		
1262 	5.683054 		
1261.900024 	6.497139 		
1261.800049 	6.905665 		
1261.699951 	7.708465 		
1261.599976 	8.450211 		
1261.5 	9.294551 		
1261.400024 	10.50531 		
1261.300049 	11.41181 		
1261.199951 	12.71127 		
1261.099976 	14.36278 		
1261 	16.03093 		
1260.900024 	17.5958 		
1260.800049 	19.46538 		
1260.699951 	21.82125 		
1260.599976 	24.4739 		
1260.5 	26.89591 		
1260.400024 	29.43287 		
1260.300049 	32.46607 		
1260.199951 	36.35535 		
1260.099976 	39.38458 		
1260 	42.53267 		
1259.900024 	45.84124 		
1259.800049 	49.70376 		
1259.699951 	53.04211 		
1259.599976 	56.27289 		
1259.5 	59.11469 		
1259.400024 	62.64994 		
1259.300049 	65.47791 		
1259.199951 	67.69807 		
1259.099976 	69.70413 		
1259 	71.65891 		
1258.900024 	73.72146 		
1258.800049 	75.29385 		
1258.699951 	76.27518 		
1258.599976 	77.25016 		
1258.5 	78.44057 		
1258.400024 	79.16331 		
1258.300049 	79.51051 		
1258.199951 	79.8988 		
1258.099976 	80.39609 		
1258 	80.58391 		
1257.900024 	80.75735 		
1257.800049 	80.70735 		
1257.699951 	80.62643 		
1257.599976 	80.22059 		
1257.5 	79.85137 		
1257.400024 	79.12703 		
1257.300049 	78.19888 		
1257.199951 	76.79608 		
1257.099976 	75.45008 		
1257 	74.05698 		
1256.900024 	72.00441 		
1256.800049 	69.42383 		
1256.699951 	66.63961 		
1256.599976 	63.90845 		
1256.5 	61.03111 		
1256.400024 	58.06283 		
1256.300049 	54.17958 		
1256.199951 	51.01527 		
1256.099976 	47.77544 		
1256 	44.4418 		
1255.900024 	40.54953 		
1255.800049 	37.90825 		
1255.699951 	34.86338 		
1255.599976 	32.04972 		
1255.5 	28.98804 		
1255.400024 	26.4444 		
1255.300049 	24.26461 		
1255.199951 	22.06758 		
1255.099976 	19.83897 		
1255 	17.92533 		
1254.900024 	16.34742 		
1254.800049 	14.71113 		
1254.699951 	13.54824 		
1254.599976 	11.93568 		
1254.5 	10.82567 		
1254.400024 	9.791413 		
1254.300049 	8.953053 		
1254.199951 	7.898091 		
1254.099976 	7.170208 		
1254 	6.602935 		
1253.900024 	5.916083 		
1253.800049 	5.150018 		
1253.699951 	4.805981 		
1253.599976 	4.528944 		
1253.5 	4.091523 		
1253.400024 	3.630735 		
1253.300049 	3.410579 		
1253.199951 	2.989763 		
1253.099976 	2.735551 		
1253 	2.572806 		
1252.900024 	2.391243 		
1252.800049 	2.188827 		
1252.699951 	1.932759 		
1252.599976 	1.714033 		
1252.5 	1.759637 		
1252.400024 	1.56888 		
1252.300049 	1.371097 		
1252.199951 	1.196723 		
1252.099976 	1.20719 		
1252 	1.035415 		
1251.900024 	1.018344 		
1251.800049 	1.055003 		
1251.699951 	0.943309 		
1251.599976 	0.839355 		
1251.5 	0.91774 		
1251.400024 	0.669156 		
1251.300049 	0.517798 		
1251.199951 	0.706593 		
1251.099976 	0.627589 		
1251 	0.658836 		
1250.900024 	0.572362 		
1250.800049 	0.493825 		
1250.699951 	0.320196 		
1250.599976 	0.306453 		
1250.5 	0.404025 		
1250.400024 	0.405166 		
1250.300049 	0.321711 		
1250.199951 	0.3281 		
1250.099976 	0.334104 		
1250 	0.397274 		
1249.900024 	0.404278 		
1249.800049 	0.32816 		
1249.699951 	0.174932 		
1249.599976 	0.230929 		
1249.5 	0.181982 		
1249.400024 	0.251625 		
1249.300049 	0.237919 		
1249.199951 	0.220951 		
1249.099976 	0.20122 		
1249 	0.209575 		
1248.900024 	0.083399 		
1248.800049 	0.133219 		
1248.699951 	0.070046 		
1248.599976 	0.077126 		
1248.5 	0.105031 		
1248.400024 	0.124425 		
1248.300049 	0.187122 		
1248.199951 	0.035934 		
1248.099976 	0.049111 		
1248 	0.158941 		
1247.900024 	0.159369 		
1247.800049 	0.174991 		
1247.699951 	0.132158 		
1247.599976 	0.034038 		
1247.5 	0.076215 		
1247.400024 	0.118527 		
1247.300049 	-0.04769 		
1247.199951 	0.042218 		
1247.099976 	-8.5E-05 		
1247 	-0.06302 		
1246.900024 	0.137762 		
1246.800049 	0.034728 		
1246.699951 	-0.01356 		
1246.599976 	0.160052 		
1246.5 	-0.02805 		
1246.400024 	0.041903 		
1246.300049 	0.062994 		
1246.199951 	0.056424 		
1246.099976 	0.237281 		
1246 	0.208437 		
1245.900024 	-0.00076 		
1245.800049 	0.076732 		
1245.699951 	-0.0197 		
1245.599976 	-0.02084 		
1245.5 	0.248109 		
1245.400024 	-0.06991 		
1245.300049 	-0.01427 		
1245.199951 	0.140584 		
1245.099976 	0.021128 		
1245 	-0.09045 	