1975  	1.549533  	 	
1974.949951 	1.529843 		
1974.900024 	1.583203 		
1974.849976 	1.57624 		
1974.800049 	1.652822 		
1974.75 	1.691549 		
1974.699951 	1.724263 		
1974.650024 	1.765208 		
1974.599976 	1.818571 		
1974.550049 	1.866608 		
1974.5 	1.959091 		
1974.449951 	1.962855 		
1974.400024 	1.998328 		
1974.349976 	1.992857 		
1974.300049 	2.063432 		
1974.25 	2.162511 		
1974.199951 	2.125349 		
1974.150024 	2.271618 		
1974.099976 	2.371783 		
1974.050049 	2.463917 		
1974 	2.53268 		
1973.949951 	2.560282 		
1973.900024 	2.612444 		
1973.849976 	2.664363 		
1973.800049 	2.788898 		
1973.75 	2.88112 		
1973.699951 	2.884033 		
1973.650024 	3.038711 		
1973.599976 	3.090159 		
1973.550049 	3.221201 		
1973.5 	3.345094 		
1973.449951 	3.382413 		
1973.400024 	3.496866 		
1973.349976 	3.688789 		
1973.300049 	3.757216 		
1973.25 	3.934666 		
1973.199951 	3.985425 		
1973.150024 	4.187757 		
1973.099976 	4.330719 		
1973.050049 	4.393291 		
1973 	4.608421 		
1972.949951 	4.758615 		
1972.900024 	4.900514 		
1972.849976 	5.056217 		
1972.800049 	5.289036 		
1972.75 	5.449059 		
1972.699951 	5.600024 		
1972.650024 	5.807061 		
1972.599976 	5.945294 		
1972.550049 	6.210238 		
1972.5 	6.493397 		
1972.449951 	6.65131 		
1972.400024 	6.83693 		
1972.349976 	7.21869 		
1972.300049 	7.413383 		
1972.25 	7.594966 		
1972.199951 	7.899761 		
1972.150024 	8.205746 		
1972.099976 	8.599988 		
1972.050049 	8.961662 		
1972 	9.288643 		
1971.949951 	9.515553 		
1971.900024 	10.02043 		
1971.849976 	10.34834 		
1971.800049 	10.66768 		
1971.75 	10.99406 		
1971.699951 	11.49246 		
1971.650024 	12.09356 		
1971.599976 	12.72342 		
1971.550049 	13.07271 		
1971.5 	13.65342 		
1971.449951 	14.09902 		
1971.400024 	14.81414 		
1971.349976 	15.32695 		
1971.300049 	16.04751 		
1971.25 	16.7192 		
1971.199951 	17.33753 		
1971.150024 	17.9704 		
1971.099976 	18.81812 		
1971.050049 	19.50307 		
1971 	20.21627 		
1970.949951 	20.95443 		
1970.900024 	21.66579 		
1970.849976 	22.51537 		
1970.800049 	23.54345 		
1970.75 	24.65428 		
1970.699951 	25.53004 		
1970.650024 	26.61508 		
1970.599976 	27.43713 		
1970.550049 	28.55116 		
1970.5 	29.55418 		
1970.449951 	30.58159 		
1970.400024 	31.84786 		
1970.349976 	33.26561 		
1970.300049 	34.41333 		
1970.25 	35.62986 		
1970.199951 	36.84243 		
1970.150024 	38.17155 		
1970.099976 	39.32804 		
1970.050049 	40.42864 		
1970 	41.70045 		
1969.949951 	43.38077 		
1969.900024 	45.06104 		
1969.849976 	46.62502 		
1969.800049 	47.84724 		
1969.75 	48.97617 		
1969.699951 	50.57269 		
1969.650024 	51.94915 		
1969.599976 	53.19614 		
1969.550049 	54.77185 		
1969.5 	56.36047 		
1969.449951 	57.74127 		
1969.400024 	58.73244 		
1969.349976 	60.03259 		
1969.300049 	61.43842 		
1969.25 	62.56922 		
1969.199951 	63.65693 		
1969.150024 	64.85295 		
1969.099976 	66.16857 		
1969.050049 	67.54002 		
1969 	68.69039 		
1968.949951 	69.63506 		
1968.900024 	70.49717 		
1968.849976 	71.48262 		
1968.800049 	72.60764 		
1968.75 	73.2979 		
1968.699951 	74.13309 		
1968.650024 	75.22411 		
1968.599976 	76.03114 		
1968.550049 	76.9027 		
1968.5 	77.64994 		
1968.449951 	78.31805 		
1968.400024 	78.93444 		
1968.349976 	79.32085 		
1968.300049 	80.13186 		
1968.25 	80.70956 		
1968.199951 	81.42281 		
1968.150024 	81.86198 		
1968.099976 	82.28814 		
1968.050049 	82.73831 		
1968 	83.14963 		
1967.949951 	83.62395 		
1967.900024 	83.88354 		
1967.849976 	84.15994 		
1967.800049 	84.68037 		
1967.75 	84.99373 		
1967.699951 	85.05528 		
1967.650024 	85.51231 		
1967.599976 	85.70528 		
1967.550049 	86.00797 		
1967.5 	86.09509 		
1967.449951 	86.2839 		
1967.400024 	86.59642 		
1967.349976 	86.75081 		
1967.300049 	86.94665 		
1967.25 	86.96334 		
1967.199951 	87.20795 		
1967.150024 	87.33749 		
1967.099976 	87.50007 		
1967.050049 	87.6421 		
1967 	87.81806 		
1966.949951 	87.94418 		
1966.900024 	88.13489 		
1966.849976 	88.19415 		
1966.800049 	88.55578 		
1966.75 	88.34178 		
1966.699951 	88.50876 		
1966.650024 	88.6546 		
1966.599976 	88.70759 		
1966.550049 	88.82337 		
1966.5 	88.78883 		
1966.449951 	88.95963 		
1966.400024 	88.93265 		
1966.349976 	89.12045 		
1966.300049 	88.98062 		
1966.25 	89.27016 		
1966.199951 	89.07865 		
1966.150024 	89.21142 		
1966.099976 	88.89919 		
1966.050049 	88.96581 		
1966 	88.83018 		
1965.949951 	88.77532 		
1965.900024 	88.62508 		
1965.849976 	88.37656 		
1965.800049 	88.17873 		
1965.75 	88.10938 		
1965.699951 	87.69054 		
1965.650024 	87.17247 		
1965.599976 	86.82555 		
1965.550049 	86.23086 		
1965.5 	85.87078 		
1965.449951 	85.46554 		
1965.400024 	84.77491 		
1965.349976 	84.47246 		
1965.300049 	83.8783 		
1965.25 	82.95494 		
1965.199951 	82.42149 		
1965.150024 	81.42303 		
1965.099976 	80.43649 		
1965.050049 	79.83459 		
1965 	78.7236 		
1964.949951 	77.84892 		
1964.900024 	77.17439 		
1964.849976 	76.12952 		
1964.800049 	74.94261 		
1964.75 	73.42225 		
1964.699951 	72.28381 		
1964.650024 	71.28973 		
1964.599976 	69.95267 		
1964.550049 	68.93801 		
1964.5 	67.69633 		
1964.449951 	66.60701 		
1964.400024 	65.27019 		
1964.349976 	64.06833 		
1964.300049 	62.47415 		
1964.25 	61.16242 		
1964.199951 	59.94897 		
1964.150024 	58.66677 		
1964.099976 	57.50113 		
1964.050049 	56.3815 		
1964 	55.29049 		
1963.949951 	53.74895 		
1963.900024 	52.20135 		
1963.849976 	50.79338 		
1963.800049 	49.69899 		
1963.75 	48.38945 		
1963.699951 	47.17073 		
1963.650024 	45.92643 		
1963.599976 	44.9357 		
1963.550049 	43.72709 		
1963.5 	42.55242 		
1963.449951 	40.84723 		
1963.400024 	39.70671 		
1963.349976 	38.63654 		
1963.300049 	37.59338 		
1963.25 	36.70997 		
1963.199951 	35.64942 		
1963.150024 	34.73835 		
1963.099976 	33.64453 		
1963.050049 	32.38103 		
1963 	31.08132 		
1962.949951 	30.32482 		
1962.900024 	29.35296 		
1962.849976 	28.53734 		
1962.800049 	27.53092 		
1962.75 	26.7524 		
1962.699951 	25.92668 		
1962.650024 	25.19423 		
1962.599976 	24.05961 		
1962.550049 	23.34526 		
1962.5 	22.63954 		
1962.449951 	21.96717 		
1962.400024 	21.26981 		
1962.349976 	20.64308 		
1962.300049 	20.05029 		
1962.25 	19.36095 		
1962.199951 	18.61747 		
1962.150024 	17.90292 		
1962.099976 	17.37746 		
1962.050049 	16.77054 		
1962 	16.32079 		
1961.949951 	15.70876 		
1961.900024 	15.18456 		
1961.849976 	14.76868 		
1961.800049 	14.21167 		
1961.75 	13.68112 		
1961.699951 	13.05529 		
1961.650024 	12.60899 		
1961.599976 	12.3254 		
1961.550049 	11.8437 		
1961.5 	11.51472 		
1961.449951 	11.13663 		
1961.400024 	10.75663 		
1961.349976 	10.27994 		
1961.300049 	9.793405 		
1961.25 	9.495812 		
1961.199951 	9.124634 		
1961.150024 	8.860221 		
1961.099976 	8.580958 		
1961.050049 	8.268979 		
1961 	8.037416 		
1960.949951 	7.702253 		
1960.900024 	7.397306 		
1960.849976 	7.10316 		
1960.800049 	6.926142 		
1960.75 	6.736558 		
1960.699951 	6.506986 		
1960.650024 	6.22714 		
1960.599976 	6.028154 		
1960.550049 	5.888247 		
1960.5 	5.736465 		
1960.449951 	5.466549 		
1960.400024 	5.278209 		
1960.349976 	5.005156 		
1960.300049 	4.933389 		
1960.25 	4.826751 		
1960.199951 	4.571197 		
1960.150024 	4.468056 		
1960.099976 	4.343189 		
1960.050049 	4.134127 		
1960 	3.993662 		
1959.949951 	3.87534 		
1959.900024 	3.837349 		
1959.849976 	3.637271 		
1959.800049 	3.496569 		
1959.75 	3.460931 		
1959.699951 	3.349207 		
1959.650024 	3.271861 		
1959.599976 	2.996352 		
1959.550049 	2.939173 		
1959.5 	2.866057 		
1959.449951 	2.818606 		
1959.400024 	2.725844 		
1959.349976 	2.565418 		
1959.300049 	2.559733 		
1959.25 	2.533368 		
1959.199951 	2.482791 		
1959.150024 	2.305252 		
1959.099976 	2.273034 		
1959.050049 	2.173923 		
1959 	2.120482 		
1958.949951 	2.085166 		
1958.900024 	2.001869 		
1958.849976 	1.986793 		
1958.800049 	1.958779 		
1958.75 	1.838008 		
1958.699951 	1.822461 		
1958.650024 	1.755822 		
1958.599976 	1.678674 		
1958.550049 	1.63679 		
1958.5 	1.646897 		
1958.449951 	1.582658 		
1958.400024 	1.543456 		
1958.349976 	1.495064 		
1958.300049 	1.470465 		
1958.25 	1.396339 		
1958.199951 	1.380474 		
1958.150024 	1.340041 		
1958.099976 	1.267098 		
1958.050049 	1.253983 		
1958 	1.236897 		
1957.949951 	1.268638 		
1957.900024 	1.250386 		
1957.849976 	1.202016 		
1957.800049 	1.097947 		
1957.75 	1.141716 		
1957.699951 	1.083929 		
1957.650024 	1.042583 		
1957.599976 	1.013578 		
1957.550049 	1.002668 		
1957.5 	0.918553 		
1957.449951 	0.965241 		
1957.400024 	0.856186 		
1957.349976 	0.868404 		
1957.300049 	0.872201 		
1957.25 	0.929754 		
1957.199951 	0.847574 		
1957.150024 	0.836725 		
1957.099976 	0.826863 		
1957.050049 	0.841683 		
1957 	0.773212 		
1956.949951 	0.759926 		
1956.900024 	0.701026 		
1956.849976 	0.646163 		
1956.800049 	0.741099 		
1956.75 	0.676972 		
1956.699951 	0.64982 		
1956.650024 	0.670454 		
1956.599976 	0.675915 		
1956.550049 	0.602977 		
1956.5 	0.640071 		
1956.449951 	0.604581 		
1956.400024 	0.572183 		
1956.349976 	0.531805 		
1956.300049 	0.532833 		
1956.25 	0.491509 		
1956.199951 	0.629509 		
1956.150024 	0.508355 		
1956.099976 	0.514387 		
1956.050049 	0.502673 		
1956 	0.490776 		
1955.949951 	0.477998 		
1955.900024 	0.436785 		
1955.849976 	0.439262 		
1955.800049 	0.425354 		
1955.75 	0.384619 		
1955.699951 	0.39785 		
1955.650024 	0.441347 		
1955.599976 	0.442199 		
1955.550049 	0.361793 		
1955.5 	0.301746 		
1955.449951 	0.412636 		
1955.400024 	0.395157 		
1955.349976 	0.357042 		
1955.300049 	0.384154 		
1955.25 	0.341144 		
1955.199951 	0.346704 		
1955.150024 	0.346217 		
1955.099976 	0.319602 		
1955.050049 	0.319391 		
1955 	0.315043 	