1900.000000000000 0.0137073
1901.100000000000 0.0137073
1902.200000000000 0.0163422
1903.300000000000 0.0189787
1904.400000000000 0.0216168
1905.500000000000 0.025404
1906.600000000000 0.0305708
1907.700000000000 0.0357408
1908.800000000000 0.0409138
1909.900000000000 0.0460899
1911.000000000000 0.0550632
1912.100000000000 0.0644214
1913.200000000000 0.0737852
1914.300000000000 0.0831545
1915.400000000000 0.0944277
1916.500000000000 0.10903
1917.600000000000 0.123642
1918.700000000000 0.138262
1919.800000000000 0.152891
1920.900000000000 0.170218
1922.000000000000 0.188154
1923.100000000000 0.2061
1924.200000000000 0.224056
1925.300000000000 0.242395
1926.400000000000 0.261733
1927.500000000000 0.281084
1928.600000000000 0.300445
1929.700000000000 0.319819
1930.800000000000 0.341185
1931.900000000000 0.363307
1933.000000000000 0.385442
1934.100000000000 0.407591
1935.200000000000 0.430934
1936.300000000000 0.459614
1937.400000000000 0.48831
1938.500000000000 0.517023
1939.600000000000 0.545754
1940.700000000000 0.584799
1941.800000000000 0.629754
1942.900000000000 0.674736
1944.000000000000 0.719744
1945.100000000000 0.767289
1946.200000000000 0.839965
1947.300000000000 0.912684
1948.400000000000 0.985446
1949.500000000000 1.05825
1950.600000000000 1.16446
1951.700000000000 1.29871
1952.800000000000 1.43326
1953.900000000000 1.56812
1955.000000000000 1.70328
1956.100000000000 1.9423
1957.200000000000 2.18185
1958.300000000000 2.42195
1959.400000000000 2.66258
1960.500000000000 3.00003
1961.600000000000 3.45389
1962.700000000000 3.90876
1963.800000000000 4.36466
1964.900000000000 4.82157
1966.000000000000 5.60892
1967.100000000000 6.43102
1968.200000000000 7.25494
1969.300000000000 8.0807
1970.400000000000 9.09286
1971.500000000000 10.4306
1972.600000000000 11.7713
1973.700000000000 13.115
1974.800000000000 14.4617
1975.900000000000 16.0284
1977.000000000000 17.6468
1978.100000000000 19.2688
1979.200000000000 20.8944
1980.300000000000 22.4632
1981.400000000000 23.8745
1982.500000000000 25.2889
1983.600000000000 26.7064
1984.700000000000 28.1269
1985.800000000000 29.1974
1986.900000000000 30.1377
1988.000000000000 31.0799
1989.100000000000 32.0241
1990.200000000000 32.9146
1991.300000000000 33.5561
1992.400000000000 34.1988
1993.500000000000 34.8429
1994.600000000000 35.4883
1995.700000000000 36.0941
1996.800000000000 36.6777
1997.900000000000 37.2624
1999.000000000000 37.8484
2000.100000000000 38.4313
2001.200000000000 38.9721
2002.300000000000 39.513
2003.400000000000 40.0539
2004.500000000000 40.5948
2005.600000000000 41.1015
2006.700000000000 41.5799
2007.800000000000 42.0582
2008.900000000000 42.5365
2010.000000000000 43.0149
2011.100000000000 43.3394
2012.200000000000 43.6639
2013.300000000000 43.9885
2014.400000000000 44.313
2015.500000000000 44.5588
2016.600000000000 44.7102
2017.700000000000 44.8616
2018.800000000000 45.013
2019.900000000000 45.1644
2021.000000000000 45.1958
2022.100000000000 45.2152
2023.200000000000 45.2346
2024.300000000000 45.254
2025.400000000000 45.2548
2026.500000000000 45.2231
2027.600000000000 45.1914
2028.700000000000 45.1597
2029.800000000000 45.128
2030.900000000000 45.1082
2032.000000000000 45.091
2033.100000000000 45.0738
2034.200000000000 45.0566
2035.300000000000 45.053
2036.400000000000 45.0861
2037.500000000000 45.1191
2038.600000000000 45.1521
2039.700000000000 45.1851
2040.800000000000 45.2551
2041.900000000000 45.3389
2043.000000000000 45.4228
2044.100000000000 45.5066
2045.200000000000 45.5948
2046.300000000000 45.7023
2047.400000000000 45.8098
2048.500000000000 45.9173
2049.600000000000 46.0248
2050.700000000000 46.1334
2051.800000000000 46.2426
2052.900000000000 46.3517
2054.000000000000 46.4609
2055.100000000000 46.5674
2056.200000000000 46.648
2057.300000000000 46.7285
2058.400000000000 46.809
2059.500000000000 46.8895
2060.600000000000 46.9493
2061.700000000000 46.9919
2062.800000000000 47.0344
2063.900000000000 47.0769
2065.000000000000 47.1195
2066.100000000000 47.1293
2067.200000000000 47.1392
2068.300000000000 47.149
2069.400000000000 47.1589
2070.500000000000 47.1599
2071.600000000000 47.1502
2072.700000000000 47.1406
2073.800000000000 47.1309
2074.900000000000 47.1213
2076.000000000000 47.1098
2077.100000000000 47.0982
2078.200000000000 47.0865
2079.300000000000 47.0749
2080.400000000000 47.0687
2081.500000000000 47.0719
2082.600000000000 47.0752
2083.700000000000 47.0785
2084.800000000000 47.0818
2085.900000000000 47.1018
2087.000000000000 47.1255
2088.100000000000 47.1492
2089.200000000000 47.173
2090.300000000000 47.2027
2091.400000000000 47.2484
2092.500000000000 47.2941
2093.600000000000 47.3398
2094.700000000000 47.3855
2095.800000000000 47.4409
2096.900000000000 47.5001
2098.000000000000 47.5592
2099.100000000000 47.6184
2100.200000000000 47.6778
2101.300000000000 47.7384
2102.400000000000 47.799
2103.500000000000 47.8596
2104.600000000000 47.9202
2105.700000000000 47.9735
2106.800000000000 48.0226
2107.900000000000 48.0717
2109.000000000000 48.1208
2110.100000000000 48.1684
2111.200000000000 48.2004
2112.300000000000 48.2325
2113.400000000000 48.2645
2114.500000000000 48.2965
2115.600000000000 48.3169
2116.700000000000 48.3274
2117.800000000000 48.338
2118.900000000000 48.3486
2120.000000000000 48.3592
2121.100000000000 48.3482
2122.200000000000 48.3371
2123.300000000000 48.3261
2124.400000000000 48.315
2125.500000000000 48.2974
2126.600000000000 48.272
2127.700000000000 48.2465
2128.800000000000 48.221
2129.900000000000 48.1955
2131.000000000000 48.1655
2132.100000000000 48.1351
2133.200000000000 48.1046
2134.300000000000 48.0741
2135.400000000000 48.0433
2136.500000000000 48.0119
2137.600000000000 47.9804
2138.700000000000 47.9489
2139.800000000000 47.9175
2140.900000000000 47.8937
2142.000000000000 47.8717
2143.100000000000 47.8497
2144.200000000000 47.8277
2145.300000000000 47.8098
2146.400000000000 47.8028
2147.500000000000 47.7958
2148.600000000000 47.7888
2149.700000000000 47.7818
2150.800000000000 47.7867
2151.900000000000 47.796
2153.000000000000 47.8053
2154.100000000000 47.8146
2155.200000000000 47.8263
2156.300000000000 47.8489
2157.400000000000 47.8714
2158.500000000000 47.894
2159.600000000000 47.9165
2160.700000000000 47.9499
2161.800000000000 47.9893
2162.900000000000 48.0288
2164.000000000000 48.0683
2165.100000000000 48.1081
2166.200000000000 48.1514
2167.300000000000 48.1946
2168.400000000000 48.2379
2169.500000000000 48.2812
2170.600000000000 48.3265
2171.700000000000 48.3734
2172.800000000000 48.4204
2173.900000000000 48.4674
2175.000000000000 48.5143
2176.100000000000 48.5517
2177.200000000000 48.5891
2178.300000000000 48.6265
2179.400000000000 48.6639
2180.500000000000 48.6972
2181.600000000000 48.7255
2182.700000000000 48.7537
2183.800000000000 48.782
2184.900000000000 48.8103
2186.000000000000 48.8323
2187.100000000000 48.8536
2188.200000000000 48.8749
2189.300000000000 48.8962
2190.400000000000 48.9173
2191.500000000000 48.9383
2192.600000000000 48.9593
2193.700000000000 48.9803
2194.800000000000 49.0013
2195.900000000000 49.0222
2197.000000000000 49.043
2198.100000000000 49.0638
2199.200000000000 49.0847
2200.300000000000 49.1059
2201.400000000000 49.128
2202.500000000000 49.1501
2203.600000000000 49.1722
2204.700000000000 49.1943
2205.800000000000 49.2152
2206.900000000000 49.2357
2208.000000000000 49.2561
2209.100000000000 49.2766
2210.200000000000 49.2959
2211.300000000000 49.3097
2212.400000000000 49.3235
2213.500000000000 49.3374
2214.600000000000 49.3512
2215.700000000000 49.366
2216.800000000000 49.3812
2217.900000000000 49.3965
2219.000000000000 49.4117
2220.100000000000 49.427
2221.200000000000 49.4424
2222.300000000000 49.4578
2223.400000000000 49.4733
2224.500000000000 49.4887
2225.600000000000 49.5042
2226.700000000000 49.5197
2227.800000000000 49.5353
2228.900000000000 49.5508
2230.000000000000 49.5664
2231.100000000000 49.5851
2232.200000000000 49.6038
2233.300000000000 49.6225
2234.400000000000 49.6412
2235.500000000000 49.6596
2236.600000000000 49.6774
2237.700000000000 49.6953
2238.800000000000 49.7131
2239.900000000000 49.731
2241.000000000000 49.7445
2242.100000000000 49.7576
2243.200000000000 49.7707
2244.300000000000 49.7839
2245.400000000000 49.7954
2246.500000000000 49.8043
2247.600000000000 49.8132
2248.700000000000 49.822
2249.800000000000 49.8309
2250.900000000000 49.8441
2252.000000000000 49.8584
2253.100000000000 49.8726
2254.200000000000 49.8868
2255.300000000000 49.8988
2256.400000000000 49.9046
2257.500000000000 49.9104
2258.600000000000 49.9163
2259.700000000000 49.9221
2260.800000000000 49.9206
2261.900000000000 49.9165
2263.000000000000 49.9123
2264.100000000000 49.9082
2265.200000000000 49.9001
2266.300000000000 49.8745
2267.400000000000 49.8489
2268.500000000000 49.8232
2269.600000000000 49.7975
2270.700000000000 49.7466
2271.800000000000 49.6812
2272.900000000000 49.6158
2274.000000000000 49.5504
2275.100000000000 49.4766
2276.200000000000 49.3203
2277.300000000000 49.164
2278.400000000000 49.0075
2279.500000000000 48.8509
2280.600000000000 48.5965
2281.700000000000 48.2603
2282.800000000000 47.9239
2283.900000000000 47.5874
2285.000000000000 47.2506
2286.100000000000 46.642
2287.200000000000 46.033
2288.300000000000 45.4237
2289.400000000000 44.814
2290.500000000000 44.0368
2291.600000000000 43.0586
2292.700000000000 42.0799
2293.800000000000 41.1006
2294.900000000000 40.1208
2296.000000000000 38.8312
2297.100000000000 37.51
2298.200000000000 36.188
2299.300000000000 34.8653
2300.400000000000 33.4848
2301.500000000000 32.0043
2302.600000000000 30.5237
2303.700000000000 29.0431
2304.800000000000 27.5625
2305.900000000000 26.1077
2307.000000000000 24.6586
2308.100000000000 23.2095
2309.200000000000 21.7603
2310.300000000000 20.3709
2311.400000000000 19.1406
2312.500000000000 17.9103
2313.600000000000 16.68
2314.700000000000 15.4497
2315.800000000000 14.4212
2316.900000000000 13.4684
2318.000000000000 12.5156
2319.100000000000 11.5627
2320.200000000000 10.6611
2321.300000000000 9.99015
2322.400000000000 9.3192
2323.500000000000 8.64824
2324.600000000000 7.97726
2325.700000000000 7.42389
2326.800000000000 6.93773
2327.900000000000 6.45155
2329.000000000000 5.96536
2330.100000000000 5.49241
2331.200000000000 5.15196
2332.300000000000 4.81151
2333.400000000000 4.47105
2334.500000000000 4.13057
2335.600000000000 3.84376
2336.700000000000 3.60166
2337.800000000000 3.35955
2338.900000000000 3.11744
2340.000000000000 2.87532
2341.100000000000 2.71088
2342.200000000000 2.54644
2343.300000000000 2.38199
2344.400000000000 2.21753
2345.500000000000 2.07382
2346.600000000000 1.95498
2347.700000000000 1.83615
2348.800000000000 1.71731
2349.900000000000 1.59847
2351.000000000000 1.51215
2352.100000000000 1.42907
2353.200000000000 1.346
2354.300000000000 1.26292
2355.400000000000 1.18759
2356.500000000000 1.12583
2357.600000000000 1.06406
2358.700000000000 1.00229
2359.800000000000 0.940515
2360.900000000000 0.892521
2362.000000000000 0.847589
2363.100000000000 0.802655
2364.200000000000 0.757721
2365.300000000000 0.71562
2366.400000000000 0.681079
2367.500000000000 0.646538
2368.600000000000 0.611996
2369.700000000000 0.577453
2370.800000000000 0.549215
2371.900000000000 0.52334
2373.000000000000 0.497466
2374.100000000000 0.47159
2375.200000000000 0.446787
2376.300000000000 0.426809
2377.400000000000 0.40683
2378.500000000000 0.386851
2379.600000000000 0.366871
2380.700000000000 0.349612
2381.800000000000 0.333909
2382.900000000000 0.318204
2384.000000000000 0.3025
2385.100000000000 0.287119
2386.200000000000 0.274971
2387.300000000000 0.262823
2388.400000000000 0.250675
2389.500000000000 0.238526
2390.600000000000 0.227819
2391.700000000000 0.218312
2392.800000000000 0.208805
2393.900000000000 0.199298
2395.000000000000 0.189791
2396.100000000000 0.18129
2397.200000000000 0.17279
2398.300000000000 0.164289
2399.400000000000 0.155788
2400.500000000000 0.148369
2401.600000000000 0.142248
2402.700000000000 0.136128
2403.800000000000 0.130007
2404.900000000000 0.123886
2406.000000000000 0.118621
2407.100000000000 0.113442
2408.200000000000 0.108262
2409.300000000000 0.103083
2410.400000000000 0.0983077
2411.500000000000 0.09424
2412.600000000000 0.0901722
2413.700000000000 0.0861043
2414.800000000000 0.0820363
2415.900000000000 0.0790494
2417.000000000000 0.0763027
2418.100000000000 0.073556
2419.200000000000 0.0708092
2420.300000000000 0.0678839
2421.400000000000 0.0644827
2422.500000000000 0.0610814
2423.600000000000 0.0576801
2424.700000000000 0.0542787
2425.800000000000 0.0517718
2426.900000000000 0.0496002
2428.000000000000 0.0474286
2429.100000000000 0.045257
2430.200000000000 0.0431685
2431.300000000000 0.0414548
2432.400000000000 0.039741
2433.500000000000 0.0380272
2434.600000000000 0.0363133
2435.700000000000 0.0348326
2436.800000000000 0.0334851
2437.900000000000 0.0321375
2439.000000000000 0.03079
2440.100000000000 0.029415
2441.200000000000 0.0277663
2442.300000000000 0.0261177
2443.400000000000 0.0244689
2444.500000000000 0.0228202
2445.600000000000 0.0216996
2446.700000000000 0.0210193
2447.800000000000 0.020339
2448.900000000000 0.020339
